"An 0"	"An 30"	"An 60"	"An 120"	"O2 0"	"O2 1"	"O2 5"	"O2 10"	"O2 15"	"O2 30"	"O2 45"	"O2 60"	"O2 120"
"2-Dehydro-3-deoxy-arabino-heptonate-7P"	0	0.26741389411826	0.17988281139818	0.311929950923681	0	0.181986791204081	0.153183593398194	0.218036290864064	0.153810340831003	0.180501993548598	0.123656206273031	0.0757346518830412	0.2517193000898
"3-Dehydroquinate"	0	0.223262781339801	0.151873431098374	0.0843947815303128	0	0.332399013086969	0.11153408888401	0.312979388839298	0.179880653746439	0.178900614385057	0.165863254256596	0.126733983455464	0.17090090035397
"3-Dehydroshikimate"	0	0.202305862882591	0.255999142822707	0.113064164023287	0	0.466171070468269	0.227610346084581	0.332226212100633	0.254064465543753	0.162727930070331	0.218857846482072	0.267271667094638	0.258928219610211
"3-Phospho-Glycerate"	0	0.0998443330899426	0.0831016807836241	0.124651297748691	0	0.33397451200138	0.138625537901362	0.166121739162968	0.119785580759318	0.128533212634745	0.108650503385864	0.147780965689909	0.174919928027145
"6-phosphogluconate"	0	0.131503626108619	0.101473404879506	0.191769771174332	0	0.261481793910736	0.138513209476469	0.149098706942892	0.131045367912654	0.156771216335671	0.182246783778035	0.221650962316259	0.174493123321962
"Acetyl Coenzyme A"	0	0.24763323130998	0.237476706060311	0.25826605189414	0	0.364248676577276	0.160207656682654	0.215767360123042	0.139075644754483	0.187872630664135	0.161966631287363	0.19946068621434	0.197320038151396
"Acetyl-Ornithine"	0	0.194465971142328	0.0638612070420453	0.141613444980529	0	0.366439783201999	0.192202342427851	0.271896052382812	0.264726091422717	0.251001609771587	0.204998605910925	0.20561984563912	0.23211977902496
"Aconitate"	0	0.263543754852259	0.393540926050219	0.3197649662944	0	0.416503636389645	0.156487513432431	0.275744244709894	0.230408059975459	0.202447879210097	0.210496378322483	0.234528803354406	0.25196596535243
"ADP"	0	0.492779842977258	0.356851989702219	0.32444684022214	0	0.553635429694512	0.213032985084789	0.237894937596065	0.432211948283501	0.36032006666992	0.276813567993331	0.304541449825338	0.519180670755606
"Alanine"	0	0.21078542318162	0.221472944651754	0.329915300379489	0	0.539479935714255	0.246157031154197	0.384584332141903	0.195721867183719	0.280453045648671	0.344820836223729	0.310036783238389	0.209275605641119
"alpha-ketoglutarate"	0	0.429203930756042	0.246186323534914	0.31388606839663	0	0.283542446065	0.114185345243759	0.310356668708472	0.175611235606893	0.141150455302109	0.150677954730404	0.195984138868637	0.182776431070207
"AMP"	0	0.300419159575668	0.216562172687379	0.372456210171194	0	0.422522257630934	0.210132450244387	0.291539208797159	0.334200041408695	0.326185135855065	0.331225591273486	0.25059251567736	0.41992020966015
"Asparagine"	0	0.198706511292423	0.107692955711206	0.081099537643362	0	0.298913026413745	0.0810102988220196	0.132976661502419	0.119126813555126	0.143851125584045	0.131031890628001	0.145423467299753	0.222129552978104
"Aspartic acid"	0	0.0480719459086981	0.0763154616084063	0.0760603793881602	0	0.237147018037606	0.0887618941397302	0.134197841530368	0.101812834488578	0.124576563411837	0.144890327729021	0.173817324877744	0.084441683641403
"ATP"	0	0.562613989802894	0.242957640318389	0.392903235549917	0	0.375358229956393	0.17613792245737	0.368379929039316	0.258848412045773	0.247274929739526	0.259612902729066	0.240128882282558	0.237847094386223
"Bisphospho-glycerate"	0	0.184948857222412	0.213559871187672	0.288954365947103	0	0.339507502877332	0.168163644723874	0.229508481151238	0.215125595517305	0.183248123491223	0.177720955210169	0.204550477758218	0.174883780796575
"CDP-MEP"	0	0.703909040101518	0.447423981258196	0.9382078119588	0	0.561912617962182	0.251394295545156	0.409654779308268	0.231820441872179	0.182185193570076	0.141413730737054	0.29743202836882	0.21942047415623
"Citrate"	0	0.263891618051166	0.206426694028526	0.231431040717066	0	0.130701255426117	0.147792742586659	0.0805744703468921	0.0715401487787242	0.132237540181459	0.138747355299839	0.145197876487263	0.204814373644543
"Citrulline"	0	0.194175022323647	0.0933783477741662	0.174069854152833	0	0.136391025924866	0.123118740560058	0.105097397345577	0.131819028677562	0.126394673795362	0.124924329719284	0.171679740589692	0.106673677248861
"cMEPP"	0	0.142889780067192	0.13545093033207	0.145173378223087	0	0.176169390860455	0.575091002803289	0.290649881817345	0.123350957229116	0.30986931816084	0.272566507684568	0.162307115705905	0.109824115534187
"CMP"	0	0.16980782429522	0.108985304942557	0.196430089348451	0	0.304165315618572	0.0824116309466144	0.20860725811707	0.10816175323715	0.137351522912548	0.145559721506441	0.146570983049918	0.186634029226202
"CTP"	0	0.812854616401115	0.348006059546558	0.544716768882995	0	0.455223965152313	0.24923319724843	0.507701384204814	0.382645241781804	0.36830267388727	0.367490093896432	0.315236099899542	0.353056927927138
"dCTP"	0	0.52486827626267	0.202420037556792	0.433956390030168	0	0.407762749038382	0.215122254451379	0.458891543559964	0.337425574951002	0.319020219692024	0.338484645470133	0.257950136636934	0.349922092243938
"Dihydroorotate"	0	0.187051471350814	0.202624628958666	0.220979815250482	0	0.412856755081613	0.18103582595401	0.136656699754472	0.203667504110658	0.195515582822231	0.302020929059431	0.243540498322922	0.241747891320213
"dTTP"	0	0.426234311017306	0.154898443315322	0.314937453749305	0	0.368247409600194	0.141731469315733	0.314287934740432	0.161477801745302	0.174394778912325	0.199474062318976	0.197865932571123	0.240249664828072
"DXP"	0	0.121081518787339	0.111245910315275	0.19064658709708	0	0.200525653938149	0.0950211823650274	0.113765495383724	0.085716900647995	0.0952173541122844	0.0869495452010899	0.085963285222793	0.117984021202552
"Fructose 6-phosphate"	0	0.158753803493829	0.095643843473034	0.16468597905482	0	0.142011189555179	0.126618327843533	0.0954354907240893	0.0801117936084722	0.0866972457029078	0.106678251610165	0.141860349274183	0.146953575411536
"Fumarate"	0	0.159346749395624	0.150639250900829	0.206441217923688	0	0.370976898133803	0.142775800831009	0.264361442076299	0.138122980259654	0.117906153257767	0.120122706219315	0.141561590803133	0.21083773542776
"Gluconate"	0	0.342349739702811	0.250640903895847	0.196950775214989	0	0.743924527344871	0.214637806229852	0.49133832206885	0.253341758208439	0.198318139657585	0.222404711424474	0.243218664775829	0.238275171898198
"Glucose-6-phosphate"	0	0.28584114173009	0.121590826174167	0.249472763626301	0	0.146376975549135	0.109270766456144	0.14072587711972	0.0882718059618405	0.0972424514168973	0.0870340443137444	0.120220517846175	0.176989612851141
"Glutamate"	0	0.0617133079118076	0.0611808839396529	0.155366659423328	0	0.218958738229785	0.0934161913307836	0.116402992566453	0.127295492201569	0.110437957109111	0.138783420331435	0.153126682310622	0.077689162480845
"Glutamine"	0	0.150726039748538	0.0751468491898692	0.1150988978497	0	0.300990210391498	0.0992692169011083	0.084004402588366	0.0865077947260025	0.085180735466276	0.124145683329461	0.188927055979367	0.237123646088623
"Glutathione disulfide"	0	0.165219475830743	0.144328915141562	0.202137373590578	0	0.376890992547344	0.169792443200378	0.181603933680655	0.190431464178987	0.20082857570264	0.25431869986463	0.285593356113709	0.29181560119499
"Glutatione (reduced)"	0	0.0462223193180915	0.0557023875985401	0.130179617999531	0	0.178315789951667	0.0801516955387349	0.0737209964200403	0.100933428831462	0.0958902250054654	0.129933633756566	0.135460595299996	0.128550120412064
"Glycerate"	0	0.136369023952976	0.173138580661556	0.153043522579488	0	0.443707801847688	0.210736486723318	0.234891057478571	0.257807819645622	0.198083187552588	0.204563065794991	0.139260675211146	0.22454074294145
"Glycerol-3-phosphate"	0	0.0810265214276107	0.0410958810081855	0.106099808637291	0	0.166999462178611	0.126447586474345	0.142268863528702	0.127420118881406	0.0927921856808932	0.0985794500523695	0.0921021764797706	0.0731106995272966
"GTP"	0	0.623030789563563	0.301793909806525	0.46468900431852	0	0.194745711511361	0.276325368174464	0.431594054395628	0.411700194490434	0.341210656969816	0.336120966484549	0.317573523005822	0.2775036763497
"HMBPP"	0	0.735045120188404	0.495928630495646	0.449675745540289	0	0.318675895309535	0.548052309333269	1.38631464793641	0.205670626632376	0.47344522408588	0.570744946197336	0.358838277826871	0.466673886019094
"Homocysteine"	0	0.331344943699997	0.452011670292237	0.480962819527714	0	0.310125210580264	0.250907249136123	0.249985128880096	0.229728875450804	0.309548796420606	0.350439489262409	0.457801434890558	0.500944361725272
"IMP"	0	0.0990667013124666	0.0996294361008535	0.125707048095666	0	0.194077302020352	0.113430256980158	0.1086464639056	0.16720210270502	0.135887392301468	0.107102135429612	0.0869911034248829	0.409447091367838
"IPP/DMAPP"	0	0.165322824235811	0.378104091014428	0.239900568061017	0	0.24219274068135	0.283491487023608	0.420152254731874	0.362929956827442	0.214888220805348	0.199862247187896	0.289525855898467	0.255103155491286
"Isoleucine"	0	0.168137914943742	0.115165989848869	0.0737628910844747	0	0.160028884900205	0.18055417134803	0.109575112177037	0.076895402760608	0.0726342682908211	0.149519233025832	0.16256797197178	0.127799443914832
"KDPG"	0	0.100537811437309	0.118364606093186	0.177429995999326	0	0.279351379753217	0.154947109144216	0.248822689305647	0.238418633656378	0.171926416325358	0.159283096490096	0.180167437593602	0.173492571551713
"Leucine"	0	0.117125997501875	0.106811632297396	0.0949480268402817	0	0.24294598480306	0.238052760965873	0.147297722685532	0.26747239480059	0.0902444060241478	0.0821079357480996	0.111775168211642	0.0628525498230526
"Malate"	0	0.11715535544442	0.145492238267446	0.164371490686835	0	0.283065247228868	0.179229700793768	0.15722111147259	0.170783244377253	0.122921995961374	0.142558057952188	0.118741587794276	0.104398480605535
"MEP"	0	0.114969260723975	0.201441547020491	0.243260410690456	0	0.409188169068994	0.2111541718899	0.260796030174048	0.276946235586416	0.117323490140267	0.166010862059305	0.111302282850619	0.285152937977039
"Methionine"	0	0.12232292551751	0.113596730503694	0.10833652509475	0	0.273004672709865	0.134126158262136	0.111282782802636	0.101006788926985	0.0881039475504046	0.0872916928457598	0.100099241916707	0.123878226507408
"NAD+"	0	0.214438305861377	0.120167962627822	0.19584760335201	0	0.302392011909873	0.0705378475878218	0.155462453678366	0.125696181576184	0.143810985515537	0.137624961469088	0.130276041457633	0.21964735049209
"NADP+"	0	0.381610877003134	0.23890776959116	0.283473374743741	0	0.354610432680987	0.200228128196471	0.309151438427499	0.291267597396793	0.238803391469384	0.238588373189033	0.246657862218306	0.262519384149019
"Ornithine"	0	0.0608616116145003	0.142892678544196	0.0846245543154935	0	0.311524441879199	0.127945457448112	0.210703309430119	0.139500414985353	0.133378795969106	0.121958196323942	0.124660469545284	0.170958957311063
"Phenylalanine"	0	0.0828084907718383	0.106506717904732	0.155481261850101	0	0.262751526057487	0.104811400585556	0.140400204711607	0.19977569063387	0.219024186692276	0.17131795954957	0.184346445431516	0.14799329542786
"phenylpyruvate"	0	0.338674647761504	0.218540395485487	0.109724554538417	0	0.484909169198981	0.180580978310026	0.407600451329694	0.216915669918154	0.175959456712777	0.177018913192137	0.192431683919044	0.197082651310718
"Phosphoenolpuruvate"	0	0.311534155705482	0.259359266555263	0.394587551240203	0	0.390910409666612	0.23624648049003	0.202013222150488	0.26161718625449	0.176615157999904	0.173559876871322	0.218965576787832	0.200568143274748
"pyruvate"	0	0.239992165693432	0.164488145109435	0.083810384542237	0	0.148969653387648	0.136354631125978	0.177665325637315	0.0991701549846177	0.120717353253641	0.102663460663777	0.13578918993395	0.140302389257476
"Ribose 5-phosphate"	0	0.184252367272259	0.0945680170763435	0.15377736234606	0	0.151189609463454	0.468444777613078	0.34102379525167	0.551358504667943	0.538306446642984	0.554645450965127	0.512326693853983	0.446409963535219
"Ribulose 5-phosphate"	0	0.221675834310611	0.0887499292876795	0.173351255638202	0	1.30652154005505	0.6130276899055	0.798763304822031	0.6812209361113	0.632560217297906	0.633251019772563	0.652536539841838	0.457524436851421
"Sedheptulose 7-phosphate"	0	0.316248539022284	0.223666468963509	NA	0	0.629092062526076	0.435365914290473	0.222897199904215	0.493557489182055	0.573444172601598	0.485402770470271	0.482825835417848	0.426144747251358
"Serine"	0	0.365372673626424	0.208688813876383	0.167493796730104	0	0.350199741551054	0.152610419257413	0.140420556764318	0.128134472497932	0.142621657709274	0.168586804030556	0.145307557145693	0.110849439752816
"Shikimate"	0	0.301082982367059	0.271770319794785	0.179203162723378	0	0.366439840939935	0.201888841280405	0.337897240364129	0.283272670607716	0.267122625901933	0.189217754953098	0.355859257680451	0.259410825970708
"Shikimate 3-phosphate"	0	0.142688931902946	0.108823041493925	0.252429808865941	0	0.0886191748954774	0.177878307681624	0.288977683026497	0.207412612544758	0.146775651601323	0.17786263231143	0.195114383040931	0.301649631038844
"Succinate"	0	0.12681957600717	0.13654060975588	0.104952040303296	0	0.317295317309012	0.0954732537707064	0.252542927971498	0.14535488773829	0.100082164137985	0.106177502023247	0.133992883546354	0.160219087977349
"Threonine"	0	0.122499203679875	0.0758615525753679	0.070731091605183	0	0.138792871357794	0.0951279618826954	0.0734765141088658	0.121258303531614	0.103671672411765	0.161346943246328	0.16299385577097	0.111442761808765
"Tyrosine"	0	0.118866248783041	0.0907642979852865	0.171020497104135	0	0.188873977370456	0.070537946205011	0.132411325886231	0.142018921469199	0.163966924148313	0.11373563639912	0.145829179953451	0.163370250617098
"UDP"	0	0.378300610495508	0.291001661899414	0.295772568231764	0	0.506558693929075	0.209136286609267	0.288455981608334	0.4584969505892	0.415176811355018	0.339059564488458	0.28097551661137	0.687794070605481
"UDP-glucuronate"	0	0.398062957662298	0.260676831702958	0.326692039055603	0	0.334428792305762	0.119403596679084	0.222755305727065	0.175727428641395	0.210838527061206	0.251431936436502	0.239566836188676	0.200659074154652
"UDP-N-acetylglucosamine"	0	0.243594116218364	0.100111052700109	0.148309386455297	0	0.14922864900649	0.0874285153849946	0.119981512221926	0.115820039407564	0.157173049241807	0.182552265583773	0.219553475493244	0.183524432575309
"Uridine"	0	0.131152854173091	0.12615673819002	0.118142835839521	0	0.272242081497311	0.10361383828169	0.180365521308127	0.107797404747433	0.0891549034492896	0.131689582721536	0.140722992779497	0.155880377718403
"UTP"	0	0.505285941213668	0.198992987441493	0.35222537604156	0	0.381198059615307	0.130668698981624	0.281015236331406	0.218585225941795	0.202128764628763	0.21496628760554	0.203750229439929	0.224100012017392
"Valine"	0	0.0666317777546817	0.082918620437523	0.109580051372242	0	0.268571509943433	0.160427246224881	0.124256147517297	0.126345390947106	0.110404614839578	0.111771260553693	0.157504534580648	0.0711449572719789
"2-Dehydro-3-deoxy-D-arabino-heptonate 7-phosphate"	0	0.329372214626695	0.319937206538286	0.155790166652173	0	NA	0.396526267118838	0.577805003802099	0.701954096886131	0.518273496188048	0.585166826067584	0.87843619937198	0.155374451336977
"Arginine"	0	2.50009870971207	0.538066546921099	0.162558285766871	0	1.95147460365021	2.01455999734844	1.78869753623542	1.99818404936013	1.45456660973891	1.42565559602499	1.55894639543908	1.74881537894228
